12758 36404198 988248435983579466 8971 4711687 86574 526
0028618 49049 13 7090 7245988624362540137 4 432225793946
5 13555455431838777501015059291053 175 2090988 153 4 007
90 41 76898540 34760336713728721168 743043293879120659
700558458 754788493784768882 762 32 75 54653555 13150444
74043 31760768490 3 146463326 1431052 8 6469183280 931835
    092238655782169662421 17358 058 2 508048491 0 5646882066
89462202297254818213733480550093242071518082 650440
431247 760778 244 98186 8152811026 4374516643579 2026178 
431247 760778 244 98186 8152811026 4374516643579 2026178 431247 
471106399491277762 030272479975551705391185 15149884
371867708083 686424 313939903457885588 428 0303 4376206
872 6704252830 3 1 44446 848340633 97 899872220 9131966668
2 2909 56 42219108151602 8 019639 4 4461016 76359981186117
09499 503339229559658 9496500769 97602836 60750 8182012
99125277005550 17825 7 315211494 646192962 83494043685 5
85111083482305779595979826375833383276065443332542
9 12 94952044125924 326945328898699591898182165 147552
8415 224404315378576 7123 2813749829774260 38048120805
63 334698899634182887741329 470834411 396974 0028 223 56
7828653270570154 199 3345 7388005 422630 0932063202 8473
    87727394 4356 927275466 001 585 7100752 106 9843841 199923
878622862425901441520825193316096 0 7 54685625210551 1
78587903094012 781 06165792831 96511 122389354612 5 3404
04360016248521453 941869124495833 25041 6808566478795 
320110350375830 80148107 871706491578 98333 50 78260636
74 156983788727910293655173 13067045793 29532 32458068
7338834 41226823102217 04263955973 652381262130439368
12460869423314670187 87502 19416372950 05 420 771578210
6579461418714 23479881 80 90248 43 5703 3495153720 1 85 635
8233839725765182103865300617 4 14 9171450149 030555 349
35148957202958393792093716 836735244398999920 094388
5 72600080923295753781945900 563293 3671406921 2963430
992 155685 6796261929309939643730 7 542073261051048180
909499 503339229559658 9496500769 97602836 60750 8182012
99125277005550 17825 7 315211494 646192962 83494043685 5
85111083482305779595979826375833383276065443332542
9 12 94952044125924 326945328898699591898182165 147552
8415 224404315378576 7123 2813749829774260 38048120805
63 334698899634182887741329 470834411 396974 0028 223 56
7828653270570154 199 3345 7388005 422630 0932063202 8473
    87727394 4356 927275466 001 585 7100752 106 9843841 199923
878622862425901441520825193316096 0 7 54685625210551 1
78587903094012 781 06165792831 96511 122389354612 5 3404
04360016248521453 941869124495833 25041 6808566478795 
22699598592387210632 7858516 865891630 6108927 500271
    6077893683 07838 395330176069705 87905654 095814776508
5878622862425901441520825193316096 0 7 54685625210551 1
78587903094012 781 06165792831 96511 122389354612 5 3404
04360016248521453 941869124495833 25041 6808566478795 
320110350375830 80148107 871706491578 98333 50 78260636
74 156983788727910293655173 13067045793 29532 32458068
7338834 41226823102217 04263955973 652381262130439368
12460869423314670187 87502 19416372950 05 420 771578210
6579461418714 23479881 80 90248 43 5703 3495153720 1 85 635
8233839725765182103865300617 4 14 9171450149 030555 349
35148957202958393792093716 836735244398999920 094388
3084927 71797722331 268 27 6 166894060 78 2 0535746367316
90205220390132378596699835 79809 6243793088880101104
89855 06148 4235282557087291538773069939168590655471
    00645380207300 82894890 5 043 30770 221 10141778 82246871
5878622862425901441520825193316096 0 7 54685625210551 1
78587903094012 781 06165792831 96511 122389354612 5 3404
04360016248521453 941869124495833 25041 6808566478795 
320110350375830 80148107 871706491578 98333 50 78260636
74 156983788727910293655173 13067045793 29532 32458068
7338834 41226823102217 04263955973 652381262130439368
12460869423314670187 87502 19416372950 05 420 771578210
6579461418714 23479881 80 90248 43 5703 3495153720 1 85 635
8233839725765182103865300617 4 14 9171450149 030555 349
35148957202958393792093716 836735244398999920 094388
3084927 71797722331 268 27 6 166894060 78 2 0535746367316
90205220390132378596699835 79809 6243793088880101104
89855 06148 4235282557087291538773069939168590655471
874660 420 22321647183625806741435196916268199636088
29923454587367971775063099806152420011450785454747
60700 8569149360 3 74 78592 298569103502898789322637009
6581761969 23124576 73863 02697163964026 9764374489468 
549 30122106323025313026425936 572881 94124 7966279053
    7492 7 05 845 2523208442 53038 1657 564037058655001183 115
746139 882 27148999 92239402387 08 81 5425 9274 207204734 8
08850 743575 644288 50924 16 96 453666 29 6231574881789597 
2018 5248919 739051828774008403135389604122 96496 5387
91 329 7076408 40426822195 3 1397758 92 052532387826109 63
54954296365881 34 380 96 50424031171 60713 0176 393047729
47874321095969313 207587701850378882945577 300 261552
5300 563845540460859992673703 9917401 3 61 6 572047225 29
105656 711213 99 4225466114 2424 1 9084 8182776 32580 66 878
51 7348226022552274 69457337518913798689 123128331590
8809841690551526391210 2 3383808 72399975990481189840
    62870313 22073119242076777974 4824 7586834606 2 7029 51 9
655003440782 5 7679 1229 9474710 3754512842250320 951831
46937592 2705 73 073821 296 8 280 142 21 49302004 4957 660578
9 995358 80649266 56446552 6 15065 684300553 80530022 063 7
66190277 16973703 199396248529153 6 816454400532057 323
9727750331 80 43892 9 2263 35457095360468626588808 12865
2683661919824057 8897676995657910444399 287769212897
36764542017313160566 083 4256 79142582821804842690050
78778280155623357138 602563928 71 35888204 9466962 208 9
765287031 1954425793419044 3 9 7498982540679405620 5565
81133790 5542444065281 6791481336 9 2 5917355104060 830 8
    1 070482 034651767 93 4507 19 04015574540 34 54696 23968148
61044 221727739 3076417666794467026779349362804451 09
91166 89838186541003910981104214538 71 81254643722 759
0091684951092 85545858 7399 98665157681 8290 81580106 20
633940118725 430 40 21 93911127466197 69285888649203910
754784609 2671 1662 881 1 243584 47906 43 864746 1 805054220
    16283007941792616434 108 014923 02 09554060 902 32009 381
494193382215514821967513218568625936130 67 5 0194303 0
459958 9 498855 011 36689652545714 057650949 47 2 27195049
54981263965245 953 19684567431551 784705529593816 1312
051988936644949707071568 375408386690366 206 428334 68
2908331265 6641 527513987091295230186688822283742571
08 486691 721725949 331 9440136 36817501540 707390918 372
0858962207959568566002704 69 62 8 5465 5011697 095289032
65845951231359 9406 8183682179 4508880603839011177887
2125842226 79782 51293762 1109451 1336 65984792201 57 0 9 7
1 1686695122 7494742 9734 15863757 94626960810 567486786
30151324 16 67362885253256098 92 0558179354001632 6 7613
61995 9 859 945821569 5 57274840 69402695443951297744866
54442052426046268 907190276953 1478 481 55828535 39 119 5
2889022161 01405590350 95 680100722464255 812657800847
288477143 39135310 79707361605687022341 979130859 1982
981834831589884 00334270770 61 6960947878541861 825986
05252049946 1823270 5033019798939335 8541083550675169
4803 3148542 63182114153 882104245919 36 8853177003 3088 
1283 9 853573 836224750 5666538170196612 72402782636969
37638082 120388 57752723505713 88900873472241195722 35
3061340 75548256 702 4052 29510304260309274 2274141 7424
    433 93 3139347382 4803779792518804 48 9305 49150 76 301043
8684691905623038734151695 4009 8 098364718292 28787950
8155067818475 86 11456293338 292 1283433129 21847316 336
    63285 45178247777597705 125588474299 3231814488102194
9073414747349395558696406 542470853156 687 94380754 93
9 3 55371101277823620158 192 541079260470374 01 65520335
